

KNN算法：
类别：	财经	地域	电脑	房产	教育	科技	汽车	人才	体育	卫生	艺术	娱乐	
财经		17	0	2	0	0	1	3	2	0	0	0	0	
地域		0	10	0	1	1	0	0	0	0	0	0	1	
电脑		2	0	32	0	0	0	0	1	0	0	1	0	
房产		0	0	0	23	0	0	0	0	0	0	0	0	
教育		0	1	0	0	28	0	0	3	0	1	1	0	
科技		0	1	1	0	0	20	0	0	0	4	1	0	
汽车		0	0	0	0	0	0	31	0	0	0	0	0	
人才		0	0	0	0	1	0	0	29	1	0	0	0	
体育		0	0	0	0	0	0	0	0	35	0	0	0	
卫生		1	0	0	0	0	1	0	0	0	26	0	0	
艺术		0	1	0	0	1	1	0	0	0	0	23	7	
娱乐		0	0	0	0	0	0	0	0	0	0	3	26	
总体准确率：0.8695652173913043
类别财经准确率：0.68
类别地域准确率：0.7692307692307693
类别电脑准确率：0.8888888888888888
类别房产准确率：1.0
类别教育准确率：0.8235294117647058
类别科技准确率：0.7407407407407407
类别汽车准确率：1.0
类别人才准确率：0.9354838709677419
类别体育准确率：1.0
类别卫生准确率：0.9285714285714286
类别艺术准确率：0.696969696969697
类别娱乐准确率：0.896551724137931

NaiveBayes:
类别：	财经	地域	电脑	房产	教育	科技	汽车	人才	体育	卫生	艺术	娱乐	
财经		20	0	0	1	0	0	0	3	0	1	0	0	
地域		1	0	0	9	0	0	0	2	0	1	0	0	
电脑		3	0	30	2	0	0	0	1	0	0	0	0	
房产		0	0	0	23	0	0	0	0	0	0	0	0	
教育		0	0	0	2	15	0	0	15	0	1	1	0	
科技		0	0	0	5	0	11	0	0	0	11	0	0	
汽车		2	0	0	16	0	0	12	0	0	1	0	0	
人才		1	0	0	1	0	0	0	29	0	0	0	0	
体育		0	0	0	0	0	0	0	0	35	0	0	0	
卫生		1	0	0	0	0	1	0	0	0	26	0	0	
艺术		3	0	0	6	0	1	0	5	0	0	11	7	
娱乐		1	0	1	5	0	0	0	7	0	0	0	15	
总体准确率：0.6579710144927536
类别财经准确率：0.8
类别地域准确率：0.0
类别电脑准确率：0.8333333333333334
类别房产准确率：1.0
类别教育准确率：0.4411764705882353
类别科技准确率：0.4074074074074074
类别汽车准确率：0.3870967741935484
类别人才准确率：0.9354838709677419
类别体育准确率：1.0
类别卫生准确率：0.9285714285714286
类别艺术准确率：0.3333333333333333
类别娱乐准确率：0.5172413793103449