数据：
TanCorp-12：单层语料，12个类别 http://www.searchforum.org.cn/tansongbo/text_corpus.jsp
从每个类别中抽出200个，80%作为训练集，20%作为测试集。

步骤：
1、预处理：
统计所有文本中的单词
计算每个文本中每个单词的词频
把文件名改为 “类别+文件名”的格式，方便后面计算
2、训练权重：
用IIS方法训练权重

结果：
在11次迭代后收敛，错误率为：0.176，但是第2~4次迭代后就能在测试集上获得最高的准确率（感觉这收敛速度也太快了吧……..）：
类别  财经  地域  电脑  房产  教育  科技  汽车  人才  体育  卫生  艺术  娱乐  
财经  56    1     3     0     2     0     0     6     0     0     2     1     
地域  1     7     0     0     1     0     0     0     0     0     10    11    
电脑  3     0     62    0     2     0     0     3     0     0     0     0     
房产  0     0     0     64    0     0     0     2     0     0     1     0     
教育  1     0     0     0     40    1     0     15    0     0     1     2     
科技  1     0     0     0     1     49    0     2     0     8     0     0     
汽车  5     0     2     1     0     0     46    0     0     0     0     2     
人才  0     0     0     0     0     0     0     64    0     0     0     0     
体育  0     0     0     0     0     0     0     0     55    0     0     3     
卫生  1     0     0     0     0     8     0     2     0     53    0     3     
艺术  0     1     0     0     1     0     0     1     0     0     49    9     
娱乐  1     0     0     0     1     0     0     0     0     0     0     58    
测试总文本个数:725  总错误个数:122  总错误率:0.168275862069
